Row	VertebralVolumes	CentrumVolumes	HaemalVolumes	NeuralVolumes	VertebralSAs	CentrumSAs	HaemalSAs	NeuralSAs	VertebralTMDs	CentrumTMDs	HaemalTMDs	NeuralTMDs	VertebralISs	CentrumISs	HaemalISs	NeuralISs	VertebralMTs	CentrumMTs	HaemalMTs	NeuralMTs	VertebralTSs	CentrumTSs	HaemalTSs	NeuralTSs	CentrumLength
Vertebrae1	187905690	66864420	101519082	19262880	7552125	2572353	4115853	865683	680.943144540262	688.842545493205	684.009450596801	637.279806048819	165.573534257024	178.241175414738	159.388853228778	144.427206700645	90.6087650800934	99.5533151719221	88.1458835253632	77.2442757806519	26.0106786230458	29.8725188621425	23.282780382137	17.6451636104808	492.142842854139
Vertebrae2	186498018	68401746	98342559	19096182	7479801	2531781	4062051	878472	685.02116513023	705.409509393563	681.631214173726	627.198224924555	166.939610432902	177.216346347411	159.140130435125	151.515680780292	95.0152354979263	109.199735759588	91.2917829382839	74.188165010747	29.1870737757025	34.5282804431643	23.1270332159673	19.3225809995714	560.24705444725
Vertebrae3	178644690	76755168	92017296	9872226	7332948	3004533	3871098	459963	674.854258820767	683.577556773624	674.277121964386	612.411236655402	157.667888320805	162.877159970913	154.476702412424	129.255518564167	91.707212026358	98.2901143883544	89.4449883627251	71.026466030456	25.3378299489772	27.2599059113691	22.7772346352297	17.6460238300959	562.590136497601
Vertebrae4	176848056	77051520	91387548	8214507	7359408	3025701	3942540	384993	659.52805499095	678.541019654406	649.036056014069	599.059898988261	153.820165145395	162.003503182504	147.018303028578	118.957328149894	90.7488887767002	97.5894174362078	88.0537178386672	69.3667688322278	24.792331440668	25.7067687509342	23.1410258393059	14.571766099527	601.565973884424
Vertebrae5	191869398	85025241	98657433	8038548	7869645	3307500	4183767	375732	674.838209641709	687.739236180859	669.03427411932	611.774414506341	161.484313923604	164.078064398855	160.39916450923	123.996335330094	94.2424940002121	101.175457354695	91.6869038184002	67.3594954893703	27.7786544257568	26.1041610000309	27.8235706905956	16.7923079651402	618.557353855878
Vertebrae6	202584375	91869120	103491675	7640325	8158059	3529323	4295781	359856	676.03120964923	683.114706706459	675.472064508638	594.514137587003	161.718622880469	168.177423310173	157.342903233585	108.833276199691	96.4368637008605	99.3031772265866	96.8887566368154	64.2522990392045	26.8058635329653	26.9752666591232	25.6639588332831	14.0058159196813	655.826403062378
Vertebrae7	205066323	87534972	108863055	7473627	8151885	3385116	4366341	348831	683.992847978088	690.744354766497	686.694344738609	578.159910423988	167.456658374303	173.675474184085	163.871617616957	102.1772617423	97.4352336540129	99.0433980622617	99.1170731575661	65.0894321321115	28.4233919257453	27.4579600302221	28.2430352050819	18.6443138183338	655.283742128816
Vertebrae8	175690431	75125232	92517390	7556976	6887538	2942793	3561957	359415	692.676405252216	696.374618833463	699.048886902625	585.177307417926	170.780764373	172.12285078117	171.04659468793	107.635253210777	100.089187942896	98.9951467369235	105.150491462572	60.1784657991451	29.109515391946	26.2763776945151	29.0752124841665	11.9340141637748	658.36494692078
Vertebrae9	156973950	73624950	75690153	7130970	6301008	2907513	3031434	338247	684.979363476562	697.088718459519	683.204777820501	585.377423800857	166.216309283783	168.528833649212	165.456875136716	105.67773915355	96.9297048883953	97.3942519897817	100.491463452325	63.2081124800867	27.3466594853606	24.987367508288	27.919806976555	12.8472662699029	680.047354037133
Vertebrae10	140943159	70642908	64586214	5093550	5700366	2795499	2638944	240786	680.630897144897	700.371247243176	668.051323940477	576.966848117898	167.098486067297	175.303878219415	157.819615338474	102.263813783863	95.6271106794109	99.0559079950052	95.4908960521187	64.2659215210156	26.7511257019002	26.555512928861	25.8465941397071	14.6821227582987	695.654063161051
Vertebrae11	73347120	65030742	2880171	5463990	3040254	2647323	137151	257103	676.418930955644	689.277653454552	593.26979599264	566.404350216003	161.982154664052	163.649556693097	112.589237088871	96.1658977106479	89.2263174459638	94.0892930994273	57.5897971343994	63.2898877674235	25.9811738854892	24.3303468105993	10.8504128027975	16.8739495495848	600.783952954714
Vertebrae12	74819619	61520823	8408988	4908330	3133305	2503116	399105	232407	668.530921098246	686.942619948351	583.361553936526	583.416560648217	158.685419976486	160.2328313164	117.848531081797	120.002692110134	86.7456325979277	94.5248247560796	58.6760315308008	64.71960600774	28.9087471075933	27.4183297338624	15.3945092077328	14.8678335769797	622.602713211675
Vertebrae13	74449179	61363386	7399539	5806647	3057894	2458575	350595	262395	677.383900520516	690.654308086972	607.447870683386	624.582925434313	159.58213216687	161.503858663545	127.669622982862	140.063946230307	90.62978170066	97.4493679111216	60.8348894663048	76.7702770801375	27.4427279260446	24.8628959929538	19.0579258425027	24.0503493494067	615.64201819198
Vertebrae14	73476774	57788640	9751833	5991867	3091410	2349207	463932	283563	671.269052449432	691.884489605713	599.991476274539	586.423729778968	157.111854902626	160.18056862062	119.310935553605	114.002014011117	86.9219037466554	96.3667170683315	59.8420276817623	63.4744296781387	27.4628294568594	25.3065000584199	12.4424794930232	12.584307759346	597.028409861075
Vertebrae15	72356193	56751408	9575874	6028911	2960874	2264976	419832	285768	675.063824744529	690.899272130662	646.429243409384	571.482466093705	162.535594531778	166.044000860802	144.931448501184	99.0994638783133	92.4324678101989	98.9488831553262	81.018443613262	63.0701586421907	27.9128489558768	26.7410783598671	23.9506657816803	13.2571659318789	565.868861372409
Vertebrae16	66799593	52537653	8307117	6232653	2821518	2153403	388521	295470	677.915801641919	697.693819193791	617.652786976282	589.506222563745	162.661789118832	167.127936746973	128.103557501225	105.288533937858	89.0399139609774	97.1506832353592	67.8322307121787	64.9222775570045	25.9240077274732	23.8512694110628	17.2266902768406	14.5821165720368	549.277984067321
Vertebrae17	68290614	55139994	7695891	5463990	2914128	2290113	366030	259749	657.189071749036	674.613123264363	593.747790527344	570.531180036745	153.253587732199	157.471222945565	109.710311575708	100.824212445988	86.8889876791819	94.26560988787	63.4810307743729	62.2771351639734	27.3898659317539	26.4233812537571	13.6282262720258	12.283892909334	585.572608288127
Vertebrae18	63493416	51352245	7816284	4324887	2739492	2163105	371322	205947	653.44752405654	672.785270635673	578.610635797726	559.088913583629	155.129505211431	159.709799051689	102.149125582189	90.302999765127	82.560992504881	89.0867647913195	64.5897164887552	56.0589555585269	23.5777629460222	22.3639020319005	12.7190177407343	9.07459210119309	578.827208339168
Vertebrae19	56232792	48351681	4047057	4056318	2393748	2018457	192717	193158	657.632554641543	677.734232150893	528.419110739282	540.940499979934	165.584090715986	167.115212256929	77.3702916188107	83.6407211613341	82.6462922327083	89.4192126192332	52.0912955226093	55.2537048849245	25.5878730030226	23.1508603483143	10.9564538596607	11.6910629327044	547.071634115326
Vertebrae20	53435970	46842138	2991303	3639573	2271150	1957158	142443	173313	657.767143328149	675.582340731692	527.795353441551	534.227194067569	166.728106830339	168.440793384465	67.8580578661493	78.4679915267932	85.898858308327	92.8674019667208	53.4094493546907	54.3489555165284	27.5010459826693	25.0018190097785	10.8065269190958	10.172943162445	542.979567203783
Vertebrae21	50398362	44971416	2491209	3167262	2151639	1893213	118629	150822	657.962812775769	673.882303179419	504.755664376525	542.82362266139	166.955457287388	167.916107598591	54.8995031038332	84.7249913191385	84.2759022091211	90.0268902171507	49.5275346169105	54.1535928724381	26.6100956547736	24.5527642488955	8.4432417623826	7.96984319979936	574.957176807218
Vertebrae22	47166273	42693210	1731807	2741256	2053296	1840293	82467	130536	652.821419461589	666.383396456889	505.166493301147	534.88478852803	164.128382080882	165.130185763302	60.9298900112383	77.2044645964558	80.1629802694772	85.1135023010074	47.0288112368435	51.7579899706893	24.6878237364723	22.851707118453	7.89422860305265	8.40442433140833	564.103237546088
Vertebrae23	41192928	35497413	2963520	2731995	1840293	1570401	141120	129654	642.608367975084	657.657941609053	552.718598698425	544.573488075179	158.306634776035	161.39446814704	89.5148425418351	97.3198179531787	75.721939479221	79.8118435364582	59.3863427540079	55.3674564801373	20.2746794972317	19.1144653794844	12.9917289580229	15.2590752114801	532.428069787347
Vertebrae24	42063462	34626879	3361743	4260060	1884834	1532916	160083	201978	633.917281895667	650.46392090229	569.68077138349	544.577671943465	152.016899742841	156.680436463507	99.4223884159661	90.7278290117817	75.1171088249282	79.0683273483563	62.121322221041	60.8424028138246	21.2656380784848	21.2041276997193	14.1209379305638	16.1205191562267	528.554554128969
