Row	VertebralVolumes	CentrumVolumes	HaemalVolumes	NeuralVolumes	VertebralSAs	CentrumSAs	HaemalSAs	NeuralSAs	VertebralTMDs	CentrumTMDs	HaemalTMDs	NeuralTMDs	VertebralISs	CentrumISs	HaemalISs	NeuralISs	VertebralMTs	CentrumMTs	HaemalMTs	NeuralMTs	VertebralTSs	CentrumTSs	HaemalTSs	NeuralTSs	CentrumLength
Vertebrae1	124375230	43156260	69003711	11159505	5101488	1438983	3131100	510237	522.628761787211	579.027410688906	503.330655185297	436.094229074008	190.040436931722	221.612401315872	167.061894016401	123.785837258776	87.2987139821862	120.12322464588	75.0048991289084	71.1492588919746	34.2575097737519	41.7317404910818	17.3759517203214	24.8563668386423	464.880349874632
Vertebrae2	108298134	48110895	51713424	8066331	4692240	1844262	2451960	383670	466.13919850706	493.145386460135	452.986744348739	395.127803355798	141.743174463653	151.543887971955	131.861783369493	100.092831171144	75.6859027277805	100.553230545448	62.1307259155917	57.6047691343768	30.6506360062067	36.1199773223047	13.0105743010274	12.5412701812299	573.346766241594
Vertebrae3	103186062	51333723	45267768	5945562	4514076	2059911	2145024	282681	456.741674227072	478.976013203766	443.947109577934	373.565801167996	133.353829314271	139.360208833508	126.287630642271	73.8510035948893	74.4297098202309	94.8088333304629	61.0964240473634	53.6466469904065	26.5121056665458	26.9462546427844	13.3757633875189	11.7550233914221	600.067679269689
Vertebrae4	107001594	52889571	47768238	5991867	4624767	2067849	2268945	284886	461.946516993996	488.875052064196	442.422199642612	386.186631891784	137.063218019113	146.045901842973	124.47105962897	87.9139772995879	76.3578264038893	98.7069237753869	61.2421725948099	55.0328984238541	27.6846148820653	26.6022020778315	13.8605441302088	13.9468297635602	617.49204104954
Vertebrae5	107427600	55399302	47138490	4676805	4626090	2167956	2232342	222705	459.37462902731	484.456860988116	439.29318839013	369.103215224223	136.042240368913	143.497337558998	124.381861954727	70.4622537030753	77.7248578785885	97.5682207832591	63.6416774732921	53.1955692312297	27.0020528101715	26.4887624548598	14.7141026336509	10.3769845517902	630.205809824723
Vertebrae6	104769693	59122224	40785444	4732371	4538331	2373903	1941282	224910	453.810521433876	476.188724777795	431.792408009542	367.628643664575	131.944168113284	139.750506587994	116.777378572285	74.5757428281816	75.6719049665823	95.1630287697054	59.1287122268886	52.2655205941697	26.8069636580622	24.8169425524764	12.5712997839014	13.9560216772471	706.989098830652
Vertebrae7	98472213	54186111	38914722	4945374	4297986	2195298	1852641	235053	451.643307693118	479.072336677516	424.667942907523	368.333093664962	131.569464155709	140.975254028703	111.909421396859	77.5103851047114	72.9428588340771	91.8126292152544	57.2264910005894	52.7667745728147	26.3578729203281	26.203098185617	10.7444616833189	14.0127738937064	662.693003637265
Vertebrae8	91359765	53380404	34460181	3454353	3944745	2139732	1639638	164493	451.440683987444	476.355223445344	421.893944901378	362.700287056358	130.802016241156	141.071065565343	106.653637413376	71.5490210009563	76.5244224432904	95.3946993550596	58.1128157539301	53.3360090541113	29.3506447713626	29.6871995917176	11.0190925667461	12.824811740536	701.463257239055
Vertebrae9	63891639	41952330	17818164	3908142	2927358	1882629	848484	186102	416.400989074327	437.800332917594	380.739994815819	350.861613739448	102.109420468516	108.017863317498	76.8050804654275	53.4654942581559	67.7574644117568	80.20497844226	52.2342104569921	51.6512623670939	20.5048329871713	18.2176175877011	9.72883630170415	8.79619419224954	734.659247731213
Vertebrae10	56353185	42674688	10409364	3102435	2532663	1891008	493920	147735	415.830641762731	433.107271535873	363.813039253642	355.559015913596	109.027237200019	113.58833597927	70.7103643821849	67.6377531381164	71.5906629954775	82.1597878907255	51.6150623262407	51.9768832658319	23.5674540043548	19.3038895720519	18.4431628879593	11.8671952004098	732.756504082076
Vertebrae11	46203129	38359062	4176711	3463614	2071818	1708434	197568	164934	439.642201826783	448.530331351051	401.057595565085	390.113336756742	118.234267554926	118.877890172485	117.971841706628	88.4107012510581	77.0645568128732	82.5423442977267	59.5405920084705	57.1954800400241	20.8189922433003	18.6587227904774	20.2595245406707	10.715861530479	686.714415333056
Vertebrae12	48296115	39285162	4602717	4500846	2169279	1749888	216090	209916	449.643484887157	463.823197706425	392.081309939225	393.367823120117	130.14487071996	132.577220034197	95.4336059315556	111.95636223842	76.0167624427274	80.9880940678447	62.3447057045311	62.2438507486304	22.4361468000707	20.9575216313588	19.2092119418533	24.8137845596698	679.871056800058
Vertebrae13	47712672	40442787	2028159	5010201	2090340	1746801	96579	238581	458.56174376323	469.016178269114	390.419902628023	402.776538414467	130.421934313771	133.519591313091	85.7888319457512	93.3918289776816	82.5517495534989	87.6629753787639	59.6943102343965	62.3743737041692	22.1041825134088	20.4530775190624	15.4467730929665	15.2339569372645	652.592695943084
Vertebrae14	48018285	41637456	3584007	2639385	2149434	1849113	170667	125244	456.167029165128	466.720089845216	395.647492323764	375.567913245272	129.577410202859	131.555848608967	94.2190517271045	80.1882321255856	78.4450666476478	82.5323669555788	61.8346886566482	56.4551324897658	20.766884531529	19.0666604336275	19.3098124734348	15.2185222811702	669.214757401043
Vertebrae15	48749904	41970852	3482136	3019086	2144583	1825740	164493	143325	464.964786517575	472.757983507902	421.157455991704	408.420993328071	136.232032800305	138.571375289071	114.411432917844	100.375672260144	80.6648472896291	84.114060025887	69.0756440792723	58.7485202709493	19.9278069365399	18.725743361709	19.6018946991286	12.1207442876578	634.784325472029
Vertebrae16	43582266	36321642	3843315	3296916	1936872	1608768	169344	155232	461.448471132006	466.774145932288	463.592287997694	402.293026652475	136.862567013292	135.582327295948	166.256332162317	92.5776660271243	79.898337223074	82.7286493035192	76.8175520813742	60.3318804047992	23.1379327202919	22.1243703522657	26.7376206831903	16.4730900809568	594.622684177273
Vertebrae17	44332407	32959899	8760906	2426382	1946574	1498959	336042	115542	469.620950807066	448.052109793174	577.54343749329	377.848167852271	163.242215299086	125.598842046705	241.022492599209	73.6714734398167	83.4164449082385	78.9220501797454	111.972746630212	52.8520112368796	30.1944405919448	18.8153737029781	44.5692361300879	8.31408784668887	637.780750145864
Vertebrae18	45490032	30440907	11668860	3195045	1936872	1362690	418509	152145	473.371169227575	447.37523315192	568.043767586844	380.402767376443	161.262015651924	120.51774793638	219.790291910485	83.2883729223482	89.4297865648176	81.4432648804162	124.406354080637	52.7912427284726	39.0653648799094	21.2245768970571	54.0664055470923	10.659139317757	591.362830850703
Vertebrae19	38868417	29635200	6908706	2250423	1778553	1344168	324576	107163	436.752102444826	443.721554021759	428.470088194328	373.292269911024	123.886534514881	125.279082855375	123.794532854009	78.0823669141589	72.9205498651862	77.687902315009	65.0115134566021	52.2714367103111	20.6854258143391	20.2735083957704	17.1456403519803	12.2590803723366	585.735497416242
Vertebrae20	34988058	26884683	4954635	2907954	1633023	1247589	235935	138474	411.866296209462	426.47912845758	371.729808457305	348.873322536201	102.036235148258	105.513110357292	77.0951629812168	54.2163999213998	66.0717100870798	72.1914219750151	53.2841445738408	49.3214937029658	17.5003090188795	16.229514172411	11.4235642883209	9.51259417177354	594.432223209108
Vertebrae21	32070843	25708536	4463802	1602153	1485729	1182762	212562	76293	415.77107880349	428.703431357436	373.942489159549	340.811868574727	106.89721780254	110.101588505957	74.7553798624347	61.4469550590378	66.842121313853	73.1028039885702	51.3777650945327	46.854364102537	18.0811466577523	16.4401832445773	9.36605972212069	8.71381543337604	558.33228166757
Vertebrae22	28384965	23078412	4084101	564921	1332702	1080009	194481	26901	402.527677216781	413.170467238229	358.069436015226	328.693818087218	98.1008655843975	101.688016031915	61.9769872729485	43.6810376593131	63.6580004078711	67.8468281478407	50.9068730115296	56.7758768664466	15.4681941066332	14.7859736130539	9.07855280161338	15.1742170538066	558.788867857447
Vertebrae23	28542402	23902641	3296916	138915	1323000	1102059	156996	6615	408.10776571483	418.143597338139	353.014971021331	299.143101416016	107.845308829728	111.89306264295	58.9947221567968	13.6280320449487	68.220381450637	74.2069913804334	48.9103747275854	45.0387644388459	21.1464655038669	20.2257006078023	9.00204927735405	6.32047615520911	557.641933201746
Vertebrae24	25856712	23254371	2500470	64827	1203930	1080009	119070	3087	423.851277008319	431.780026179051	354.867185555013	318.388762311663	125.009436162285	127.284459320955	70.7755105948188	15.3188667367211	68.5713505303086	72.0485486745729	49.0297954695565	46.7116789966822	19.5162645105309	18.7899741836714	8.5427394285442	7.81285439035039	543.303791825885
Vertebrae25	26254935	22365315	2741256	342657	1222893	1037673	130536	16317	420.613295605469	428.200917429518	385.992719139306	326.394997182485	114.286643730914	117.109410765356	92.2340317908949	42.2253528170596	65.664612754214	68.8248246703411	53.4510607967522	47.8429213870655	17.1752630188517	16.9191758687893	11.5205524994868	8.04884056668578	524.552651206112
